-181.0,188.0
-181.0,189.0
-181.0,190.0
-181.0,191.0
-181.0,193.0
-181.0,199.0
-181.0,201.0
-181.0,202.0
-181.0,203.0
-181.0,204.0
-181.0,205.0
-181.0,206.0
-181.0,207.0
-183.0,207.0
-183.0,209.0
-184.0,209.0
-185.0,209.0
-186.0,209.0
-187.0,209.0
-188.0,209.0
-189.0,210.0
-190.0,210.0
-192.0,210.0
-193.0,210.0
-194.0,210.0
-195.0,210.0
-196.0,210.0
-197.0,208.0
-198.0,208.0
-200.0,208.0
-201.0,207.0
-202.0,206.0
-203.0,205.0
-204.0,204.0
-205.0,204.0
-206.0,203.0
-208.0,202.0
-208.0,200.0
-209.0,200.0
-209.0,199.0
-210.0,198.0
-211.0,196.0
-211.0,195.0
-211.0,193.0
-212.0,192.0
-212.0,191.0
-213.0,190.0
-214.0,189.0
-214.0,188.0
-216.0,187.0
-216.0,185.0
-216.0,184.0
-217.0,183.0
-217.0,182.0
-217.0,181.0
-217.0,180.0
-218.0,179.0
-218.0,177.0
-218.0,176.0
-219.0,175.0
-219.0,173.0
-220.0,172.0
-220.0,171.0
-220.0,169.0
-221.0,168.0
-222.0,167.0
-222.0,165.0
-222.0,164.0
-224.0,162.0
-224.0,161.0
-224.0,160.0
-226.0,156.0
-227.0,154.0
-229.0,152.0
-231.0,151.0
-232.0,150.0
-233.0,149.0
-234.0,147.0
-235.0,146.0
-236.0,145.0
-236.0,144.0
-237.0,143.0
-239.0,142.0
-240.0,141.0
-241.0,139.0
-242.0,138.0
-243.0,137.0
-244.0,136.0
-245.0,135.0
-245.0,134.0
-246.0,134.0
-248.0,134.0
-249.0,133.0
-250.0,131.0
-251.0,130.0
-252.0,130.0
-252.0,164.0
-251.0,164.0
-249.0,164.0
-248.0,164.0
-247.0,164.0
-246.0,164.0
-245.0,164.0
-244.0,164.0
-241.0,164.0
-239.0,164.0
-237.0,164.0
-235.0,164.0
-232.0,164.0
-231.0,164.0
-230.0,164.0
-229.0,164.0
-228.0,164.0
-227.0,165.0
-225.0,165.0
-224.0,165.0
-223.0,165.0
-222.0,165.0
-221.0,165.0
-220.0,165.0
-219.0,165.0
-217.0,165.0
-216.0,165.0
-215.0,165.0
-214.0,165.0
-213.0,165.0
-212.0,165.0
-211.0,165.0
-210.0,165.0
-208.0,165.0
-207.0,165.0
-206.0,165.0
-205.0,165.0
-204.0,165.0
-203.0,165.0
-202.0,165.0
-200.0,165.0
-199.0,165.0
-198.0,165.0
-197.0,165.0
-196.0,165.0
-195.0,165.0
-194.0,165.0
-145.0,160.0
-146.0,160.0
-148.0,160.0
-149.0,160.0
-150.0,159.0
-151.0,158.0
-152.0,157.0
-153.0,157.0
-153.0,156.0
-154.0,156.0
-156.0,155.0
-156.0,153.0
-157.0,153.0
-157.0,152.0
-158.0,152.0
-159.0,151.0
-159.0,150.0
-160.0,149.0
-160.0,148.0
-160.0,147.0
-161.0,147.0
-161.0,145.0
-161.0,144.0
-161.0,143.0
-161.0,142.0
-161.0,141.0
-161.0,140.0
-161.0,139.0
-161.0,137.0
-161.0,136.0
-161.0,135.0
-161.0,134.0
-160.0,134.0
-160.0,133.0
-159.0,133.0
-159.0,132.0
-158.0,131.0
-158.0,130.0
-157.0,130.0
-155.0,130.0
-155.0,128.0
-154.0,128.0
-152.0,127.0
-150.0,127.0
-149.0,127.0
-147.0,127.0
-146.0,127.0
-145.0,127.0
-144.0,127.0
-143.0,127.0
-142.0,127.0
-141.0,129.0
-136.0,131.0
-134.0,133.0
-133.0,133.0
-131.0,134.0
-130.0,135.0
-129.0,136.0
-128.0,138.0
-127.0,139.0
-126.0,140.0
-126.0,141.0
-125.0,142.0
-124.0,142.0
-124.0,143.0
-122.0,144.0
-122.0,146.0
-121.0,147.0
-121.0,148.0
-121.0,149.0
-121.0,150.0
-121.0,151.0
-121.0,152.0
-121.0,154.0
-121.0,155.0
-121.0,156.0
-121.0,157.0
-121.0,158.0
-123.0,159.0
-124.0,160.0
-126.0,160.0
-127.0,160.0
-128.0,160.0
-129.0,160.0
-130.0,160.0
-132.0,160.0
-133.0,160.0
-134.0,160.0
-135.0,160.0
-136.0,160.0
-137.0,160.0
-138.0,160.0
-140.0,159.0
-141.0,159.0
-142.0,159.0
-143.0,158.0
-144.0,158.0
-145.0,158.0
-145.0,157.0
-146.0,157.0
-50.0,159.0
-50.0,160.0
-51.0,160.0
-52.0,160.0
-53.0,160.0
-54.0,160.0
-56.0,160.0
-57.0,160.0
-58.0,160.0
-59.0,160.0
-60.0,160.0
-61.0,159.0
-62.0,159.0
-63.0,158.0
-65.0,157.0
-66.0,156.0
-67.0,155.0
-68.0,153.0
-69.0,153.0
-70.0,152.0
-71.0,151.0
-73.0,150.0
-74.0,149.0
-74.0,148.0
-75.0,147.0
-76.0,145.0
-76.0,144.0
-78.0,142.0
-79.0,140.0
-79.0,137.0
-81.0,135.0
-81.0,133.0
-81.0,131.0
-81.0,130.0
-80.0,128.0
-80.0,127.0
-79.0,126.0
-78.0,125.0
-77.0,124.0
-76.0,123.0
-75.0,123.0
-74.0,122.0
-72.0,122.0
-71.0,120.0
-70.0,119.0
-69.0,119.0
-68.0,119.0
-67.0,119.0
-66.0,119.0
-64.0,119.0
-63.0,119.0
-62.0,119.0
-61.0,119.0
-60.0,121.0
-58.0,123.0
-57.0,125.0
-55.0,126.0
-54.0,127.0
-53.0,129.0
-53.0,130.0
-53.0,131.0
-53.0,132.0
-52.0,133.0
-52.0,134.0
-51.0,135.0
-51.0,136.0
-50.0,138.0
-50.0,139.0
-50.0,141.0
-49.0,142.0
-49.0,143.0
-49.0,144.0
-49.0,146.0
-49.0,147.0
-49.0,148.0
-49.0,149.0
-49.0,150.0
-49.0,151.0
-49.0,152.0
-49.0,154.0
-49.0,155.0
-50.0,155.0
-50.0,153.0
-51.0,152.0
-51.0,151.0
-51.0,149.0
-52.0,146.0
-52.0,145.0
-52.0,142.0
-53.0,141.0
-53.0,140.0
-53.0,138.0
-55.0,135.0
-55.0,134.0
-55.0,133.0
-56.0,130.0
-56.0,129.0
-57.0,128.0
-57.0,127.0
-57.0,124.0
-57.0,123.0
-58.0,122.0
-58.0,121.0
-58.0,120.0
-58.0,119.0
-58.0,117.0
-60.0,116.0
-60.0,115.0
-60.0,114.0
-61.0,113.0
-61.0,112.0
-61.0,111.0
-61.0,109.0
-61.0,108.0
-62.0,107.0
-62.0,106.0
-62.0,105.0
-62.0,104.0
-63.0,102.0
-64.0,99.0
-65.0,97.0
-65.0,95.0
-67.0,92.0
-69.0,90.0
-70.0,88.0
-71.0,86.0
-73.0,82.0
-74.0,81.0
-75.0,81.0
-77.0,80.0
-77.0,79.0
-78.0,79.0
-79.0,79.0
-79.0,78.0
-80.0,78.0
-81.0,78.0
-81.0,76.0
-82.0,76.0
-83.0,76.0
-85.0,76.0
-86.0,76.0
-87.0,76.0
-88.0,76.0
-89.0,76.0
-90.0,76.0
-90.0,77.0
-91.0,77.0
-93.0,77.0
-93.0,78.0
-94.0,78.0
-95.0,79.0
-95.0,80.0
-97.0,81.0
-97.0,83.0
-98.0,86.0
-98.0,88.0
-98.0,90.0
-99.0,91.0
-99.0,93.0
-99.0,94.0
-99.0,95.0
-98.0,96.0
-97.0,96.0
-96.0,97.0
-95.0,97.0
-94.0,97.0
-92.0,98.0
-91.0,98.0
-90.0,99.0
-88.0,99.0
-87.0,99.0
-85.0,101.0
-84.0,101.0
-83.0,102.0
-81.0,103.0
-79.0,104.0
-78.0,105.0
-77.0,106.0
-76.0,107.0
-75.0,109.0
-72.0,110.0
-71.0,111.0
-69.0,112.0
-68.0,113.0
-67.0,115.0
-65.0,116.0
-64.0,117.0
-63.0,118.0
-62.0,119.0
-60.0,121.0
-59.0,124.0
-56.0,126.0
-54.0,128.0
-52.0,130.0
-50.0,133.0
-49.0,134.0
-48.0,137.0
-47.0,139.0
-45.0,142.0
-43.0,145.0
-40.0,146.0
-35.0,149.0
-32.0,152.0
-30.0,155.0
-27.0,158.0
-24.0,161.0
-21.0,163.0
-18.0,166.0
-15.0,171.0
-14.0,174.0
-12.0,176.0
-9.0,181.0
-5.0,184.0
-2.0,188.0
1.0,191.0
2.0,194.0
5.0,197.0
7.0,201.0
11.0,204.0
12.0,207.0
15.0,212.0
16.0,215.0
18.0,218.0
19.0,220.0
20.0,222.0
21.0,223.0
23.0,224.0
24.0,224.0
24.0,225.0
24.0,224.0
22.0,223.0
21.0,221.0
20.0,219.0
19.0,216.0
18.0,215.0
16.0,213.0
15.0,210.0
14.0,207.0
12.0,206.0
11.0,203.0
10.0,201.0
8.0,198.0
7.0,197.0
7.0,196.0
6.0,193.0
5.0,192.0
4.0,190.0
3.0,188.0
3.0,187.0
1.0,186.0
1.0,185.0
0.0,184.0
0.0,181.0
-1.0,180.0
-2.0,175.0
-3.0,172.0
-3.0,169.0
-3.0,166.0
-3.0,163.0
-3.0,161.0
-3.0,160.0
-3.0,159.0
-3.0,158.0
-5.0,157.0
-5.0,155.0
-5.0,152.0
-5.0,150.0
-5.0,147.0
-3.0,144.0
-3.0,143.0
-2.0,141.0
-2.0,140.0
-1.0,139.0
-1.0,138.0
0.0,137.0
0.0,136.0
0.0,135.0
1.0,133.0
2.0,132.0
4.0,131.0
5.0,130.0
6.0,129.0
7.0,128.0
7.0,127.0
8.0,127.0
9.0,126.0
10.0,124.0
12.0,123.0
13.0,122.0
14.0,121.0
15.0,120.0
16.0,119.0
17.0,119.0
18.0,118.0
20.0,116.0
21.0,115.0
22.0,114.0
23.0,113.0
25.0,112.0
26.0,112.0
28.0,112.0
29.0,112.0
30.0,112.0
32.0,112.0
33.0,112.0
34.0,112.0
37.0,111.0
38.0,111.0
39.0,111.0
40.0,111.0
41.0,111.0
42.0,111.0
43.0,111.0
62.0,171.0
62.0,170.0
61.0,169.0
60.0,169.0
59.0,167.0
59.0,166.0
58.0,165.0
57.0,164.0
57.0,163.0
55.0,162.0
54.0,161.0
53.0,160.0
52.0,158.0
51.0,157.0
50.0,156.0
49.0,155.0
47.0,154.0
46.0,153.0
45.0,152.0
44.0,150.0
43.0,149.0
42.0,148.0
41.0,147.0
39.0,146.0
38.0,145.0
37.0,144.0
36.0,142.0
35.0,141.0
34.0,140.0
33.0,140.0
31.0,140.0
31.0,139.0
30.0,138.0
29.0,138.0
29.0,137.0
28.0,137.0
24.0,178.0
25.0,178.0
26.0,177.0
28.0,176.0
28.0,175.0
29.0,174.0
30.0,173.0
31.0,172.0
32.0,170.0
33.0,169.0
34.0,167.0
36.0,166.0
37.0,163.0
38.0,162.0
39.0,159.0
40.0,158.0
42.0,157.0
43.0,155.0
44.0,154.0
45.0,152.0
46.0,151.0
47.0,150.0
48.0,149.0
50.0,148.0
51.0,147.0
52.0,146.0
53.0,144.0
54.0,143.0
55.0,142.0
56.0,142.0
56.0,141.0
58.0,140.0
59.0,139.0
60.0,139.0
61.0,139.0
95.0,224.0
95.0,222.0
96.0,221.0
97.0,219.0
98.0,218.0
99.0,217.0
101.0,214.0
102.0,211.0
103.0,207.0
108.0,202.0
113.0,195.0
116.0,191.0
121.0,186.0
125.0,182.0
127.0,177.0
128.0,173.0
130.0,168.0
133.0,164.0
134.0,160.0
136.0,155.0
137.0,151.0
139.0,146.0
139.0,142.0
140.0,139.0
141.0,137.0
141.0,132.0
141.0,130.0
141.0,127.0
141.0,125.0
141.0,122.0
141.0,121.0
141.0,117.0
141.0,114.0
140.0,111.0
139.0,110.0
137.0,107.0
134.0,104.0
132.0,100.0
129.0,98.0
127.0,96.0
125.0,93.0
124.0,92.0
124.0,91.0
123.0,90.0
123.0,89.0
122.0,88.0
120.0,88.0
119.0,87.0
118.0,87.0
118.0,85.0
117.0,85.0
117.0,84.0
116.0,83.0
116.0,82.0
115.0,82.0
115.0,81.0
114.0,81.0
-204.0,-27.0
-203.0,-27.0
-200.0,-27.0
-198.0,-27.0
-196.0,-27.0
-195.0,-27.0
-194.0,-27.0
-192.0,-27.0
-191.0,-27.0
-189.0,-27.0
-188.0,-27.0
-187.0,-27.0
-186.0,-27.0
-185.0,-27.0
-184.0,-27.0
-183.0,-27.0
-182.0,-27.0
-180.0,-27.0
-179.0,-27.0
-178.0,-27.0
-177.0,-27.0
-176.0,-27.0
-175.0,-27.0
-174.0,-27.0
-172.0,-27.0
-171.0,-27.0
-170.0,-27.0
-169.0,-27.0
-168.0,-27.0
-205.0,-56.0
-204.0,-56.0
-203.0,-56.0
-201.0,-56.0
-200.0,-56.0
-199.0,-54.0
-197.0,-54.0
-196.0,-53.0
-195.0,-52.0
-194.0,-52.0
-193.0,-51.0
-192.0,-50.0
-191.0,-50.0
-189.0,-50.0
-188.0,-50.0
-187.0,-50.0
-186.0,-50.0
-185.0,-50.0
-184.0,-50.0
-183.0,-50.0
-182.0,-50.0
-180.0,-50.0
-179.0,-50.0
-178.0,-50.0
-176.0,-50.0
-175.0,-49.0
-174.0,-49.0
-172.0,-49.0
-171.0,-49.0
-170.0,-49.0
-169.0,-49.0
-168.0,-49.0
-167.0,-49.0
-166.0,-49.0
-164.0,-49.0
-163.0,-49.0
-162.0,-49.0
-161.0,-49.0
-160.0,-49.0
-159.0,-49.0
-46.0,-5.0
-46.0,-4.0
-44.0,-2.0
-43.0,-1.0
-42.0,0.0
-42.0,1.0
-41.0,2.0
-41.0,3.0
-40.0,4.0
-40.0,8.0
-39.0,10.0
-39.0,11.0
-39.0,12.0
-39.0,14.0
-39.0,15.0
-39.0,16.0
-39.0,17.0
-39.0,18.0
-40.0,19.0
-41.0,20.0
-42.0,22.0
-43.0,23.0
-45.0,24.0
-46.0,24.0
-47.0,25.0
-48.0,25.0
-49.0,25.0
-50.0,25.0
-51.0,25.0
-53.0,25.0
-55.0,24.0
-58.0,22.0
-61.0,21.0
-63.0,19.0
-66.0,18.0
-69.0,17.0
-70.0,17.0
-71.0,16.0
-73.0,14.0
-75.0,13.0
-76.0,13.0
-77.0,12.0
-78.0,11.0
-80.0,7.0
-83.0,4.0
-84.0,0.0
-85.0,-7.0
-87.0,-16.0
-90.0,-26.0
-91.0,-35.0
-94.0,-47.0
-96.0,-56.0
-100.0,-72.0
-100.0,-77.0
-102.0,-81.0
-103.0,-85.0
-103.0,-90.0
-105.0,-94.0
-106.0,-98.0
-108.0,-103.0
-108.0,-107.0
-109.0,-112.0
-109.0,-116.0
-111.0,-120.0
-112.0,-125.0
-114.0,-129.0
-114.0,-132.0
-115.0,-134.0
-116.0,-135.0
-116.0,-137.0
-116.0,-138.0
-116.0,-136.0
-116.0,-133.0
-114.0,-130.0
-114.0,-129.0
-114.0,-126.0
-114.0,-124.0
-133.0,-63.0
-132.0,-63.0
-131.0,-63.0
-129.0,-63.0
-127.0,-63.0
-123.0,-63.0
-118.0,-63.0
-114.0,-63.0
-110.0,-63.0
-106.0,-63.0
-101.0,-63.0
-99.0,-63.0
-94.0,-62.0
-92.0,-62.0
-87.0,-60.0
-85.0,-60.0
-84.0,-60.0
-83.0,-59.0
-81.0,-59.0
-80.0,-59.0
-79.0,-58.0
-78.0,-57.0
-76.0,-57.0
-75.0,-56.0
-72.0,-54.0
-71.0,-53.0
-70.0,-53.0
-69.0,-52.0
-67.0,-51.0
-66.0,-51.0
23.0,28.0
21.0,28.0
20.0,26.0
19.0,21.0
17.0,17.0
17.0,13.0
16.0,8.0
14.0,4.0
13.0,-2.0
9.0,-9.0
6.0,-15.0
2.0,-27.0
-3.0,-34.0
-9.0,-43.0
-14.0,-55.0
-20.0,-62.0
-21.0,-68.0
-23.0,-74.0
-24.0,-81.0
-26.0,-87.0
-26.0,-91.0
-26.0,-95.0
-26.0,-100.0
-26.0,-104.0
-26.0,-108.0
-26.0,-111.0
-26.0,-112.0
-26.0,-114.0
-26.0,-115.0
-26.0,-116.0
-25.0,-118.0
-23.0,-120.0
-23.0,-123.0
-22.0,-125.0
-21.0,-127.0
-20.0,-129.0
-18.0,-132.0
-17.0,-133.0
-16.0,-134.0
-16.0,-135.0
-15.0,-135.0
-15.0,-136.0
-14.0,-136.0
-14.0,-137.0
-12.0,-137.0
-12.0,-139.0
-11.0,-140.0
-11.0,-141.0
52.0,-47.0
51.0,-47.0
50.0,-46.0
49.0,-46.0
47.0,-46.0
45.0,-46.0
44.0,-46.0
40.0,-48.0
37.0,-49.0
33.0,-50.0
30.0,-52.0
27.0,-53.0
25.0,-54.0
23.0,-56.0
22.0,-57.0
21.0,-58.0
20.0,-59.0
19.0,-60.0
18.0,-61.0
18.0,-62.0
17.0,-64.0
17.0,-65.0
17.0,-66.0
17.0,-67.0
17.0,-68.0
17.0,-69.0
17.0,-72.0
17.0,-73.0
18.0,-74.0
19.0,-75.0
22.0,-76.0
26.0,-78.0
30.0,-78.0
36.0,-78.0
41.0,-77.0
45.0,-76.0
48.0,-75.0
49.0,-73.0
51.0,-72.0
53.0,-71.0
54.0,-70.0
55.0,-69.0
56.0,-68.0
57.0,-66.0
58.0,-65.0
59.0,-63.0
59.0,-61.0
59.0,-60.0
59.0,-57.0
59.0,-56.0
59.0,-55.0
59.0,-56.0
58.0,-59.0
58.0,-60.0
57.0,-64.0
55.0,-68.0
54.0,-71.0
54.0,-75.0
52.0,-80.0
52.0,-84.0
51.0,-88.0
48.0,-97.0
45.0,-106.0
45.0,-112.0
44.0,-116.0
44.0,-121.0
42.0,-125.0
42.0,-129.0
42.0,-130.0
42.0,-133.0
42.0,-134.0
41.0,-135.0
41.0,-136.0
40.0,-137.0
40.0,-138.0
39.0,-140.0
38.0,-141.0
36.0,-143.0
34.0,-144.0
33.0,-145.0
33.0,-146.0
32.0,-146.0
31.0,-148.0
30.0,-148.0
28.0,-149.0
27.0,-149.0
26.0,-149.0
26.0,-150.0
25.0,-150.0
25.0,-151.0
24.0,-151.0
120.0,9.0
119.0,7.0
117.0,4.0
116.0,0.0
114.0,-5.0
113.0,-9.0
111.0,-15.0
108.0,-22.0
105.0,-28.0
101.0,-40.0
97.0,-49.0
95.0,-60.0
86.0,-81.0
82.0,-90.0
81.0,-96.0
81.0,-101.0
79.0,-105.0
79.0,-109.0
79.0,-112.0
79.0,-114.0
79.0,-116.0
79.0,-117.0
79.0,-119.0
79.0,-120.0
81.0,-123.0
82.0,-124.0
83.0,-126.0
83.0,-128.0
84.0,-129.0
85.0,-130.0
85.0,-131.0
86.0,-132.0
86.0,-133.0
88.0,-134.0
89.0,-136.0
90.0,-136.0
91.0,-137.0
91.0,-138.0
92.0,-138.0
93.0,-138.0
94.0,-137.0
174.0,-52.0
173.0,-53.0
172.0,-55.0
169.0,-58.0
168.0,-59.0
167.0,-62.0
165.0,-63.0
164.0,-64.0
162.0,-67.0
161.0,-68.0
158.0,-69.0
157.0,-70.0
156.0,-71.0
155.0,-73.0
154.0,-74.0
152.0,-75.0
151.0,-76.0
150.0,-77.0
149.0,-77.0
148.0,-78.0
147.0,-79.0
146.0,-80.0
144.0,-82.0
143.0,-82.0
142.0,-82.0
141.0,-83.0
140.0,-84.0
139.0,-86.0
138.0,-88.0
136.0,-89.0
136.0,-90.0
135.0,-90.0
134.0,-91.0
133.0,-92.0
133.0,-93.0
138.0,-63.0
139.0,-64.0
140.0,-65.0
143.0,-69.0
148.0,-74.0
152.0,-78.0
159.0,-84.0
164.0,-88.0
168.0,-91.0
173.0,-94.0
174.0,-97.0
175.0,-98.0
176.0,-99.0
176.0,-100.0
178.0,-101.0
178.0,-103.0
193.0,2.0
193.0,0.0
193.0,-4.0
195.0,-8.0
196.0,-15.0
200.0,-21.0
205.0,-31.0
207.0,-37.0
209.0,-48.0
211.0,-59.0
212.0,-70.0
214.0,-77.0
215.0,-83.0
217.0,-89.0
217.0,-93.0
217.0,-97.0
217.0,-102.0
217.0,-108.0
217.0,-112.0
215.0,-118.0
214.0,-123.0
212.0,-129.0
211.0,-133.0
209.0,-138.0
208.0,-142.0
206.0,-146.0
205.0,-151.0
204.0,-152.0
202.0,-154.0
201.0,-155.0
200.0,-157.0
199.0,-157.0
199.0,-158.0
199.0,-156.0
236.0,44.0
238.0,43.0
238.0,40.0
239.0,36.0
241.0,32.0
242.0,27.0
247.0,21.0
252.0,14.0
257.0,7.0
261.0,-2.0
265.0,-11.0
268.0,-23.0
272.0,-34.0
276.0,-46.0
280.0,-58.0
284.0,-69.0
286.0,-78.0
289.0,-87.0
291.0,-93.0
292.0,-99.0
294.0,-105.0
295.0,-112.0
295.0,-117.0
297.0,-124.0
297.0,-128.0
297.0,-132.0
296.0,-135.0
295.0,-139.0
294.0,-142.0
292.0,-145.0
291.0,-147.0
289.0,-152.0
288.0,-156.0
287.0,-161.0
285.0,-165.0
282.0,-171.0
280.0,-176.0
279.0,-180.0
277.0,-185.0
276.0,-187.0
275.0,-188.0
275.0,-190.0
274.0,-191.0
274.0,-192.0
273.0,-193.0
272.0,-193.0
272.0,-194.0
270.0,-194.0
269.0,-193.0
